16730939319872750275468910069037075394130426523150
94015809377245048795150954100921645863754710598436
78639167021187492431995700641917969777599001562830
15615368713711936614952811305876380278410754449733
18940240789923115535562561142322423255033685442488
44889911501440648020369068010601526396067232219320
41503128880339536053299340368006977710650505121315
91942213363574161572522430563301811072406154908250
62749502109297206297427901203139720159404054906405
74101560156089020345603469023561561460056148923005
78182833757993103614740356856449095527097864797581
16726320100436897842553539920931837441497806860984
48403098129077791799088218795327364475675590848030
87086987551392711854516512170785441618524243206931
59959406895756536782107074926966537676326235447210
69793950679652694742597709739166693763042633987085
41052684708299085211399427365734116182760315001271
36537860736150115608085700914993951255702819874600
34582903531651743471732616593212357815498262974255
94795375976510156530594696606768315657437716740187
98890280257173321629619176668713819931811048770190
12526768027607800351560136786809925254634010616328
43627021854049770558562994658063623799314074625596
34524074486190823117497779236546625724692332281091
35491430288197103288593162780666976089293863828502
78934413065578016127815921815005561868836468420090
78023053081176492816430487623791969842487255036638
23411487696155615664569321549028104240201383351244
67563783291594906362593184998766649858761822122522
10566772018697161565619850443124195724099139590089
15609554825530026352078153229161506796249481641953
76085327132285723110424803456124867697064507995236
37774242535411291685610156894276865538926205024910
23701913275725675285653248258265463092207058596522
29798860272256651565833191312637514734199488953476
18495701454879288981556448568277260777137214037988
43255121603546981202345058176216521282765275169129
32238195734320159339946437501907836945765883352399
18497550616496518477518073816883786109152735792970
62177842752192623401942399639168044983993100373312
26329241857071473495669166746876346609150359146778
99518671430235219628894890102423325116913611960296
73267460800591548946027471830798392868535206946944
76841822524674417160261409151403642798227334805555
97142610262561079103425916893989422179826088076852
14892877836461827993463137677543078093018982642090
10848802521674670880236159321512018588354322381287
71329612474782464538636993009049310363619763814890
62184073572399791655422340683396510156327408011116
66627891981488087790156009794187687614423003098449
60661814896012629368283896764744779239180335110989
85786944089552990653640447483659976640198015795096
66024396409900362053896071201982199760475994901972
74651502649139826800329731560371200413779037855660
23443114362702185404977055856299465806362379931407
34524074401561894108619082311749777923654662572469
84965035491430288197103120228859316278066697608929
21245687893441306557801612781592181500556186883646
14027802305308117649281643048762371230291969842487
98465123023411487696155615664569321549028104240201
67563783291594906362593184998768587618221225221320
10566770215448949820186971615656198504431241957247
89100023566515609554825530026352078153229161506796
76085327132285723120023312110424803456124867697064
37120100121556774242535411291685610156894276865538
23701916565123003275725675285653248258265463092207
29798860272255561006651565833191312637514734199488
89456120018495701566546454879288981556448568277260
70102233643255121603546981202345058176216521282765
32238195734320159339561510012515169464375019078360
18421332112100975506164101000211965184775180738168
45120532826541087568241002684431911906346940378553
21332023612327195212525000296071075082563815656715
64515632458765761724109764473391106072182652368772
96521017423706905851860660448207621209813287860733
12580114266041808683061932846081119106155694051268
96521064913985342268003297315603712004137790378556
74201673093931987275025621075468906903707539413042
12594809377245048795150954100921645863754710598436
36587863916702118749243199570064191796977759902830
74510153687137119366149528113058763025653802784107
14965120465230078992311553556256114232242325503368
84914488991150144064802036906806396067232219320414
46124150312888033953605329932302156612012526403680
12081234880673210146739954120145582012455100585685
61408261657077396512001254623100256524832759223287
45232610455691880205877731971983945018088807242966
98561277158542502016545090413245809786882778948721
65421014523017210783843506918615543566288406225747
65120236332102084960398013400172393067166682355524
15732444386908125794514089057706229429197107928209
55037687525678779845101458203091862540744969844623
18336384825541025689630330154686196124348767681297
80386287592812056890632078490201521685554828717201
95140215486321002417818283375799310361474035685644
45210023101202544444478916726320100436897842553539
65210235614535035342264725242508740540755917897123
51935104325451728388641918047049254120235419321505
14582624672216484350762017279180399446930047329563
61500520849603980134001723930671666823555245252804
